0 1 2
1 1 3
13 1 2
19 4 5
23 6 7
31 8 9
32 10 11
33 12 13
34 14 2
35 15 16
36 17 2
36 3 9
36 15 16
36 18 8
37 19 3
37 15 16
37 18 8
38 17 2
39 15 16
39 6 20
39 18 8
39 21 22
39 17 2
40 17 2
40 6 20
40 15 16
40 18 8
41 17 2
41 18 8
42 18 8
43 23 24
44 25 24
44 26 27
44 23 24
44 18 8
44 28 29
45 23 24
45 28 29
46 18 8
46 28 29
47 21 22
47 18 8
47 28 29
48 18 8
48 28 29
49 28 29
50 25 30
50 23 24
50 28 29
51 23 24
51 26 27
51 28 29
52 23 24
52 28 29
53 25 30
53 23 24
53 28 29
54 25 30
54 23 24
54 18 8
54 28 29
55 23 24
55 18 8
55 28 29
56 23 24
56 18 8
57 18 8
58 23 24
59 23 24
60 23 24
61 23 24
61 28 29
62 23 24
63 23 24
64 23 24
65 23 24
66 23 24
66 18 8
67 23 24
68 23 24
68 18 8
70 23 24
71 23 24
72 23 24
73 23 24
74 23 24
74 28 29
75 23 24
75 28 29
76 23 24
78 23 24
79 23 24
83 26 27
83 18 8
84 23 24
84 26 27
85 23 24
86 23 24
89 23 24
92 23 24
92 2 11
92 28 29
93 23 24
93 2 11
93 28 29
94 2 11
94 28 29
95 31 32
95 23 24
95 28 29
96 23 24
97 23 24
97 2 11
97 28 29
98 23 24
98 28 29
99 23 24
100 23 24
100 28 29
102 6 20
103 33 32
104 33 32
104 34 35
104 28 29
105 28 29
106 35 22
106 24 22
106 28 29
106 34 22
106 25 35
107 25 30
107 28 29
108 1 9
108 28 29
109 33 32
109 28 29
109 34 35
109 25 35
110 33 32
110 34 35
111 34 35
112 6 20
112 34 35
112 28 29
113 25 35
113 28 29
113 6 20
113 21 22
114 1 9
114 26 27
114 21 22
115 21 22
116 25 35
116 21 22
116 6 20
116 28 29
117 31 32
117 21 22
118 6 20
118 21 22
118 34 35
118 18 8
118 28 29
119 21 22
119 28 29
120 28 29
120 34 35
120 21 22
121 31 32
121 1 9
121 34 35
121 21 22
122 31 32
122 34 35
122 36 29
122 21 22
122 3 9
122 1 9
122 28 29
123 31 32
123 34 35
123 21 22
123 3 37
123 3 9
123 28 29
124 21 22
124 28 29
125 19 3
125 38 39
125 18 8
125 28 29
126 1 9
126 34 35
126 38 39
127 31 32
127 28 29
128 31 32
128 1 9
128 21 22
129 31 32
129 18 8
129 21 22
130 19 3
130 31 32
130 40 39
130 7 41
130 21 22
131 40 39
131 7 41
131 23 24
131 21 22
132 31 32
132 40 39
132 21 22
133 31 32
133 21 22
134 31 32
134 18 8
134 21 22
135 18 8
135 21 22
136 8 9
136 18 8
136 21 22
137 34 35
137 21 22
138 1 9
138 21 22
138 34 35
138 28 29
139 1 9
139 34 35
140 28 29
140 21 22
141 1 9
141 21 22
141 34 35
141 28 29
142 28 29
142 34 35
142 21 22
143 1 9
143 39 42
143 34 35
143 21 22
144 21 22
145 31 32
145 21 22
146 31 32
146 21 22
146 28 29
147 31 32
147 28 29
148 31 32
148 1 9
148 34 35
149 31 32
149 28 29
149 34 35
149 21 22
150 31 32
150 34 35
151 23 24
151 21 22
152 34 35
152 28 29
153 34 35
153 28 29
154 8 9
154 28 29
155 39 42
155 28 29
156 39 42
156 34 35
156 28 29
157 1 9
157 34 35
157 39 42
158 1 9
158 39 42
159 6 3
159 39 42
159 6 20
159 28 29
160 6 3
160 6 20
160 34 35
160 21 22
160 39 42
160 5 43
160 28 29
161 6 3
161 21 22
161 39 42
162 6 3
162 39 42
163 6 3
163 39 42
163 21 22
164 6 3
164 39 42
165 34 35
165 39 42
166 34 35
166 39 42
167 23 24
167 28 29
167 34 35
167 18 8
167 39 42
168 39 42
168 18 8
168 28 29
169 6 3
169 18 8
170 28 29
171 28 29
172 31 32
172 28 29
173 31 32
173 33 31
173 34 35
173 28 29
174 31 32
174 34 35
174 28 29
175 31 32
175 28 29
176 28 29
176 21 22
177 25 30
177 28 29
177 21 22
178 18 8
178 28 29
179 18 8
179 36 29
180 18 8
181 19 3
181 18 8
182 18 8
183 7 41
183 25 35
184 14 11
184 25 35
185 3 37
185 25 35
186 18 8
187 28 29
188 10 42
188 28 29
189 10 42
189 18 8
189 28 29
191 40 39
191 18 8
191 39 42
192 40 39
192 18 8
193 40 39
193 38 39
194 40 39
194 38 39
194 28 29
195 40 39
195 39 42
195 38 39
195 28 29
196 40 39
196 28 29
197 40 39
198 40 39
198 23 24
198 28 29
199 40 39
199 38 39
199 28 29
200 34 35
200 40 39
200 38 39
201 40 39
201 38 39
202 40 39
202 34 35
203 6 3
203 38 39
203 40 39
203 34 35
203 44 45
204 44 45
204 40 39
204 38 39
204 5 43
205 46 44
205 40 39
205 38 39
206 14 11
206 40 39
206 34 35
206 28 29
207 40 39
207 34 35
207 28 29
208 46 44
208 44 45
208 40 39
209 46 44
209 14 11
209 40 39
210 46 44
210 40 39
211 46 44
211 40 39
211 38 39
212 46 44
212 40 39
212 34 35
213 46 44
213 1 9
213 40 39
213 28 29
214 44 45
214 40 39
214 28 29
215 44 45
215 14 11
215 40 39
215 28 29
216 44 45
216 14 11
216 40 39
216 18 8
216 28 29
217 40 39
217 6 20
217 36 29
217 44 45
217 18 8
217 1 9
218 14 11
218 40 39
218 6 20
218 18 8
218 44 45
218 28 29
219 31 32
219 40 39
219 6 20
219 18 8
219 44 45
219 28 29
220 34 35
220 40 39
220 38 39
220 28 29
221 14 11
221 40 39
221 34 35
221 18 8
221 44 45
221 3 18
221 28 29
222 44 45
222 40 39
222 28 29
222 34 35
222 25 35
223 44 45
223 40 39
223 34 35
223 28 29
224 44 45
224 40 39
224 34 35
224 28 29
225 44 45
225 6 20
225 40 39
225 34 35
226 44 45
226 40 39
226 6 20
226 28 29
227 44 45
227 40 39
227 6 20
227 28 29
228 44 45
228 40 39
228 28 29
229 44 45
229 40 39
229 6 20
229 26 27
230 40 39
230 38 39
230 26 27
230 44 45
230 1 9
230 28 29
231 44 45
231 40 39
231 38 39
231 47 39
231 26 27
232 40 39
232 38 39
232 26 27
232 28 29
233 48 49
233 26 27
233 28 29
234 40 39
234 38 39
234 18 8
234 28 29
235 50 51
235 38 39
235 40 39
235 18 8
235 28 29
236 40 39
236 38 39
236 48 52
236 50 51
236 23 24
236 48 49
236 28 29
237 50 51
237 34 35
237 40 39
238 50 51
238 53 54
239 48 52
239 23 24
239 50 51
239 38 39
239 48 49
240 38 39
240 40 39
240 6 20
240 25 35
241 40 39
241 34 35
241 6 20
241 18 8
241 48 52
241 50 51
241 38 39
241 48 49
242 48 52
242 34 35
242 6 20
242 3 9
242 38 39
243 40 39
243 34 35
243 38 39
243 6 20
243 18 8
243 44 45
243 23 24
243 3 9
244 44 45
244 34 35
244 6 20
244 18 8
244 38 39
245 40 39
245 38 39
245 34 35
245 18 8
245 23 24
245 46 44
245 6 20
246 6 20
246 40 39
246 23 24
246 34 35
246 38 39
247 6 20
247 40 39
247 34 35
247 3 9
248 34 35
248 40 39
248 38 39
248 28 29
249 40 39
249 34 35
249 38 39
249 44 45
249 3 9
249 53 54
250 44 45
250 38 39
250 40 39
250 34 35
251 44 45
251 34 35
251 40 39
251 38 39
251 6 20
252 40 39
252 38 39
252 34 35
252 18 8
252 44 45
252 23 24
253 44 45
253 34 35
253 40 39
253 6 20
253 18 8
254 46 44
254 38 39
254 40 39
254 53 54
254 34 35
255 40 39
255 38 39
255 34 35
255 18 8
255 44 45
255 6 20
256 40 39
256 34 35
256 38 39
256 44 45
256 6 20
256 53 54
256 28 29
257 40 39
257 6 20
257 34 35
257 44 45
257 38 39
257 28 29
258 40 39
258 38 39
258 34 35
258 18 8
258 44 45
258 48 49
258 7 41
258 53 54
259 44 45
259 38 39
259 34 35
259 46 34
260 40 39
260 34 35
260 38 39
260 44 45
260 6 20
260 48 49
260 7 41
261 40 39
261 38 39
261 34 35
261 44 45
261 48 49
261 7 41
262 44 45
262 38 39
262 40 39
262 53 54
262 34 35
263 40 39
263 38 39
264 40 39
264 53 54
265 40 39
265 38 39
266 53 54
266 40 39
266 38 39
266 28 29
267 6 3
267 38 39
267 40 39
267 53 54
268 38 39
268 40 39
268 53 54
268 48 49
269 48 49
269 40 39
269 38 39
269 53 54
270 40 39
270 38 39
270 18 8
270 53 54
270 28 29
271 48 49
271 40 39
271 38 39
271 53 54
272 44 45
272 40 39
272 53 54
273 40 39
273 18 8
273 44 45
273 53 54
273 28 29
274 44 45
274 40 39
274 53 54
274 18 8
275 40 39
275 18 8
275 21 22
275 48 49
275 53 54
276 40 39
276 53 54
276 18 8
276 21 22
277 40 39
277 53 54
277 18 8
278 40 39
278 53 54
278 18 8
279 40 39
279 46 34
279 18 8
279 46 44
279 53 54
280 46 44
280 40 39
280 53 54
280 18 8
281 40 39
281 18 8
282 40 39
283 40 39
283 53 54
284 53 54
285 46 34
285 40 39
285 34 35
285 53 54
286 46 34
286 40 39
286 34 35
286 53 54
287 46 34
287 40 39
287 34 35
287 53 54
288 40 39
288 46 34
288 34 35
288 3 9
288 53 54
289 40 39
289 34 35
289 46 34
289 47 39
289 53 54
290 14 11
290 40 39
290 46 34
290 34 35
290 53 54
291 14 11
291 40 39
291 34 35
291 46 34
291 33 32
291 53 54
292 46 34
292 40 39
292 34 35
292 28 29
293 48 49
293 40 39
293 46 34
293 53 54
294 34 35
294 40 39
294 33 32
294 46 34
295 6 3
295 40 39
295 46 34
295 33 32
295 1 9
296 40 39
296 34 35
296 38 39
296 33 32
296 1 9
296 46 34
297 40 39
297 34 35
297 33 32
297 38 39
297 46 34
298 40 39
298 33 32
298 46 34
298 38 39
298 1 9
298 8 9
299 33 32
299 40 39
299 38 39
299 18 8
300 33 32
300 34 35
300 38 39
301 34 35
301 38 39
301 18 8
301 33 32
302 33 32
302 34 35
302 18 8
302 28 29
303 40 39
303 34 35
303 33 32
303 38 39
303 28 29
304 34 35
304 38 39
304 28 29
305 46 44
305 34 35
305 38 39
305 28 29
306 6 3
306 40 39
306 34 35
306 38 39
306 33 32
306 28 29
307 40 39
307 34 35
307 38 39
307 33 32
307 1 9
307 28 29
308 40 39
308 38 39
308 34 35
308 33 32
308 1 9
308 28 29
309 1 9
309 40 39
309 34 35
309 28 29
310 40 39
310 34 35
310 39 42
310 1 9
310 28 29
311 1 9
311 40 39
311 34 35
311 28 29
312 40 39
312 34 35
312 28 29
313 1 9
313 40 39
313 34 35
313 28 29
314 40 39
314 34 35
314 28 29
315 40 39
315 34 35
316 40 39
316 34 35
317 40 39
317 34 35
317 28 29
318 40 39
318 34 35
318 25 30
318 53 54
318 28 29
319 40 39
319 34 35
319 28 29
320 40 39
320 34 35
320 28 29
321 1 9
321 40 39
321 34 35
322 1 9
322 40 39
322 28 29
323 1 9
323 40 39
323 23 24
323 28 29
324 53 54
324 40 39
324 23 24
324 28 29
325 40 39
325 23 24
326 40 39
326 23 24
326 48 49
326 53 54
326 28 29
327 46 44
327 40 39
327 53 54
327 55 37
328 40 39
328 53 54
329 40 39
329 53 54
330 23 24
330 40 39
330 34 35
330 53 54
331 40 39
331 38 39
331 34 35
331 23 24
331 53 54
331 28 29
332 40 39
332 34 35
332 38 39
332 53 54
332 28 29
333 40 39
333 34 35
333 38 39
333 53 54
333 28 29
334 40 39
334 34 35
334 38 39
334 23 24
334 53 54
334 28 29
335 40 39
335 38 39
335 34 35
335 44 45
335 23 24
335 53 54
335 28 29
336 40 39
336 34 35
336 38 39
336 23 24
336 53 54
336 28 29
337 40 39
337 38 39
337 34 35
337 23 24
337 48 49
337 53 54
337 28 29
338 40 39
338 38 39
338 23 24
338 53 54
338 28 29
339 40 39
339 34 35
339 38 39
339 44 45
339 53 54
339 28 29
340 40 39
340 34 35
340 38 39
340 44 45
340 28 29
341 53 54
341 40 39
341 38 39
342 40 39
342 38 39
343 38 39
343 40 39
343 53 54
344 40 5
344 40 39
344 38 39
345 40 39
345 14 17
345 17 4
345 38 39
